7.226374067664693 3.689055418940381 3.7830359987848228 2.6272421990892934 
4.040461887091532 3.7944265519459686 3.9480196226713287 6.816533712439293 
5.45017846119 5.917996566661748 7.800103926244565 7.8211084776265265 
0.0 0.0 0.0 0.0 
2.7772509594184935 5.085003568326091 1.9301472023127169 2.684464974373239 
3.5676845996528517 3.6755612034206067 3.809987587606912 4.207047867727268 
4.131380307083759 4.128871955354134 5.04246656482054 4.938981992922366 
0.0 0.0 0.0 0.0 
4.615583813175454 3.26498283995496 3.837697401735082 3.4206997767234357 
3.9483162351182424 5.147972051438199 1.1969900289241877 5.48690447708599 
2.0829420443139033 1.5912016139875624 4.873155766653046 3.579556875806591 
0.0 0.0 0.0 0.0 
11.836994327306154 13.945008741620313 17.71654908247333 15.945067453000732 
11.459421635804894 9.554869101839923 12.221064305601395 13.869825184709486 
0.0 -1.097004397465611 2.8757344693890294 4.060112480916256 
0.0 0.0 0.0 0.0 
