0.42366471020219265 0.0036934288503002025 0.35518100832333027 0.0 0.0 
0.0 0.0 0.18094499250972662 0.3930526338846507 0.0 
0.0 0.0 0.11177395276677352 0.0 0.0 
0.0 0.0 0.0 0.0 0.0 
0.44511307942207745 0.0 0.0 0.0 0.0 
0.0 0.0 0.0 0.0 0.0 
0.3903152805494017 0.0 0.0 0.0 0.0 
0.0 0.0 0.0 0.0 -0.875 
0.39580888966040917 0.4336014398825053 0.0 0.0 0.0 
0.39864929054363496 0.5165184198891279 0.2374686574075142 0.4194873381107008 0.0 
0.0 0.778605536032774 0.4013914407695906 0.38339867075473055 0.0 
0.0 0.0 0.0 0.0 0.9999999999999929 
